Good\1.jpg 1 0 0 2976 3968
Good\2.jpg 1 0 0 2976 3968
Good\3.jpg 1 0 0 2976 3968
Good\4.jpg 1 0 0 2976 3968
Good\5.jpg 1 0 0 2976 3968
Good\6.jpg 1 0 0 2976 3968
Good\7.jpg 1 0 0 2976 3968
Good\8.jpg 1 0 0 2976 3968
Good\9.jpg 1 0 0 2976 3968
Good\10.jpg 1 0 0 2976 3968
Good\11.jpg 1 0 0 2976 3968
Good\12.jpg 1 0 0 2976 3968
Good\13.jpg 1 0 0 2976 3968
Good\14.jpg 1 0 0 2976 3968
Good\15.jpg 1 0 0 2976 3968
Good\16.jpg 1 0 0 2976 3968
Good\17.jpg 1 0 0 2976 3968
Good\18.jpg 1 0 0 2976 3968
Good\19.jpg 1 0 0 2976 3968
Good\20.jpg 1 0 0 2976 3968
